benchmark: MFZDT6
config:
  x0: 0.10866470789374474
  x1: 0.7531576821163447
  x2: 0.11716635214434475
  x3: 0.8881144917345447
  x4: 0.32916195238664475
  x5: 0.31108216448794473
  x6: 0.7245605596307447
  x7: 0.6151629531021447
  x8: 0.07217561915984474
  x9: 0.6051062667371447
objective: f2
prior_name: medium
