benchmark: MFZDT1
config:
  x0: 0.013685111861296766
  x1: 0.3108056235258968
  x10: 0.4188132688045968
  x11: 0.05125188540389676
  x12: 0.9418442006243968
  x13: 0.2648260032373968
  x14: 0.7746773601187967
  x15: 0.04308259563719676
  x16: 0.12045375021409677
  x17: 0.017236891493696768
  x18: 0.9294680768043967
  x19: 0.5191663256209967
  x2: 0.4237640419488968
  x20: 0.5222388259168967
  x21: 0.8519849879917967
  x22: 0.9880655745680967
  x23: 0.19908773990149678
  x24: 0.9479982923461967
  x25: 0.3924953453000968
  x26: 0.27682613544379675
  x27: 0.6341633265404967
  x28: 0.31672661526169676
  x29: 0.15615433326909678
  x3: 0.5907617842824967
  x4: 0.3885805224036968
  x5: 0.38972491258019676
  x6: 0.9255714305269968
  x7: 0.7070482146546967
  x8: 0.9116272805853968
  x9: 0.6683946347773967
objective: f2
prior_name: good
