benchmark: MFZDT6
config:
  x0: 0.08127779522259676
  x1: 0.7257707694451967
  x2: 0.08977943947319676
  x3: 0.8607275790633967
  x4: 0.3017750397154968
  x5: 0.2836952518167968
  x6: 0.6971736469595967
  x7: 0.5877760404309967
  x8: 0.04478870648869676
  x9: 0.5777193540659967
objective: f2
prior_name: good
