benchmark: MFZDT6
config:
  x0: 0.3610707836970447
  x1: 0.4736988305649447
  x2: 0.6499477464717447
  x3: 0.9067980809370447
  x4: 0.03544742141414475
  x5: 0.4335056398740447
  x6: 0.23731326756134477
  x7: 0.9764243386262448
  x8: 0.9903336377459447
  x9: 0.36152818750254473
objective: f1
prior_name: medium
