benchmark: MFZDT6
config:
  x0: 0.081101389988
  x1: 0.7255943642106
  x2: 0.0896030342386
  x3: 0.8605511738288
  x4: 0.3015986344809
  x5: 0.2835188465822
  x6: 0.696997241725
  x7: 0.5875996351964
  x8: 0.0446123012541
  x9: 0.5775429488314
objective: f1
prior_name: bad
