benchmark: MFZDT6
config:
  x0: 0.9883738380592
  x1: 0.2532916025398
  x2: 0.6563295894653
  x3: 0.0971012757931
  x4: 0.9767610881903
  x5: 0.1201965612132
  x6: 0.0641474963488
  x7: 0.0939405107584
  x8: 0.1317978624044
  x9: 0.0201075461875
objective: f2
prior_name: bad
