benchmark: MFZDT1
config:
  x0: 0.041072024532444754
  x1: 0.33819253619704476
  x10: 0.44620018147574475
  x11: 0.07863879807504474
  x12: 0.9692311132955448
  x13: 0.29221291590854476
  x14: 0.8020642727899447
  x15: 0.07046950830834475
  x16: 0.14784066288524475
  x17: 0.04462380416484475
  x18: 0.9568549894755447
  x19: 0.5465532382921447
  x2: 0.45115095462004473
  x20: 0.5496257385880448
  x21: 0.8793719006629447
  x22: 1.0
  x23: 0.22647465257264476
  x24: 0.9753852050173447
  x25: 0.41988225797124473
  x26: 0.3042130481149447
  x27: 0.6615502392116447
  x28: 0.3441135279328447
  x29: 0.18354124594024476
  x3: 0.6181486969536447
  x4: 0.41596743507484474
  x5: 0.4171118252513447
  x6: 0.9529583431981448
  x7: 0.7344351273258447
  x8: 0.9390141932565448
  x9: 0.6957815474485447
objective: f2
prior_name: medium
