benchmark: MFZDT6
config:
  x0: 0.33368387102589675
  x1: 0.44631191789379676
  x2: 0.6225608338005967
  x3: 0.8794111682658967
  x4: 0.008060508742996767
  x5: 0.40611872720289677
  x6: 0.2099263548901968
  x7: 0.9490374259550968
  x8: 0.9629467250747967
  x9: 0.3341412748313968
objective: f1
prior_name: good
