benchmark: MFZDT1
config:
  x0: 1.0
  x1: 0.9409554763629447
  x10: 0.5567375876184447
  x11: 0.8010179894276447
  x12: 0.3610707135809447
  x13: 0.6092431610536447
  x14: 0.5088702839756447
  x15: 0.6656479156280447
  x16: 0.5619953460711448
  x17: 1.0
  x18: 0.7098898969683447
  x19: 0.6078114844770447
  x2: 0.6484048803482447
  x20: 0.27341261981854476
  x21: 0.7497140836058447
  x22: 0.4521162739637447
  x23: 0.5281007767088447
  x24: 0.5990607643682447
  x25: 0.11200164432964475
  x26: 0.9630560817771447
  x27: 0.09737762086544474
  x28: 0.35183619344774475
  x29: 0.31922945132874475
  x3: 0.6026744343757447
  x4: 0.3886767545494447
  x5: 0.39949809775484474
  x6: 0.15074296676024476
  x7: 0.38936455707484474
  x8: 0.8389427218692447
  x9: 0.21377491309244476
objective: f1
prior_name: medium
