benchmark: MFZDT1
config:
  x0: 0.930818717298
  x1: 0.001383349999
  x10: 0.4445872878113
  x11: 0.376741266961
  x12: 0.2164572609442
  x13: 0.4939578339872
  x14: 0.8428548878355
  x15: 0.0753590690833
  x16: 0.5964330653496
  x17: 0.2421785941261
  x18: 0.4083029083397
  x19: 0.3519362404957
  x2: 0.2885699576517
  x20: 0.4030260024043
  x21: 0.4254017253551
  x22: 0.8583376386343
  x23: 0.7278881583695
  x24: 0.0493489467884
  x25: 0.1072107454285
  x26: 0.4097262056307
  x27: 0.005152964269
  x28: 0.4835181274275
  x29: 0.2828368521761
  x3: 0.2569166436867
  x4: 0.5326685874714
  x5: 0.357346879678
  x6: 0.5777094243168
  x7: 0.7358938968077
  x8: 0.448369178898
  x9: 0.6277347561953
objective: f2
prior_name: bad
