benchmark: MFZDT1
config:
  x0: 0.0135087066267
  x1: 0.3106292182913
  x10: 0.41863686357
  x11: 0.0510754801693
  x12: 0.9416677953898
  x13: 0.2646495980028
  x14: 0.7745009548842
  x15: 0.0429061904026
  x16: 0.1202773449795
  x17: 0.0170604862591
  x18: 0.9292916715698
  x19: 0.5189899203864
  x2: 0.4235876367143
  x20: 0.5220624206823
  x21: 0.8518085827572
  x22: 0.9878891693335
  x23: 0.1989113346669
  x24: 0.9478218871116
  x25: 0.3923189400655
  x26: 0.2766497302092
  x27: 0.6339869213059
  x28: 0.3165502100271
  x29: 0.1559779280345
  x3: 0.5905853790479
  x4: 0.3884041171691
  x5: 0.3895485073456
  x6: 0.9253950252924
  x7: 0.7068718094201
  x8: 0.9114508753508
  x9: 0.6682182295428
objective: f1
prior_name: bad
