benchmark: MFZDT1
config:
  x0: 0.9950783125875967
  x1: 0.9135685636917967
  x10: 0.5293506749472967
  x11: 0.7736310767564967
  x12: 0.33368380090979677
  x13: 0.5818562483824967
  x14: 0.48148337130449675
  x15: 0.6382610029568967
  x16: 0.5346084333999968
  x17: 0.9803354426755967
  x18: 0.6825029842971967
  x19: 0.5804245718058967
  x2: 0.6210179676770967
  x20: 0.24602570714739677
  x21: 0.7223271709346967
  x22: 0.42472936129259675
  x23: 0.5007138640376967
  x24: 0.5716738516970967
  x25: 0.08461473165849677
  x26: 0.9356691691059967
  x27: 0.06999070819429676
  x28: 0.3244492807765968
  x29: 0.2918425386575968
  x3: 0.5752875217045967
  x4: 0.36128984187829677
  x5: 0.3721111850836968
  x6: 0.12335605408909676
  x7: 0.3619776444036968
  x8: 0.8115558091980967
  x9: 0.18638800042129677
objective: f1
prior_name: good
