benchmark: yahpo-lcbench-126026
config:
  batch_size: 398
  learning_rate: 0.00017291862600000006
  max_dropout: 0.4012859022384
  max_units: 120
  momentum: 0.1619238691758
  num_layers: 4
  weight_decay: 0.007415046905
objective: val_balanced_accuracy
prior_name: bad
