benchmark: yahpo-lcbench-167190
config:
  batch_size: 421
  learning_rate: 0.00037694838950000007
  max_dropout: 0.9939241310109
  max_units: 903
  momentum: 0.1199743377464
  num_layers: 5
  weight_decay: 0.0445887386106
objective: val_accuracy
prior_name: bad
