benchmark: yahpo-lcbench-189865
config:
  batch_size: 22
  learning_rate: 0.09829858741731429
  max_dropout: 0.7039813449307447
  max_units: 982
  momentum: 0.5975262965226448
  num_layers: 4
  weight_decay: 0.02799659531704475
objective: val_accuracy
prior_name: medium
