benchmark: yahpo-lcbench-168329
config:
  batch_size: 20
  learning_rate: 0.1
  max_dropout: 0.08970995011814475
  max_units: 825
  momentum: 0.6110916703767447
  num_layers: 5
  weight_decay: 0.029111583609244752
objective: val_balanced_accuracy
prior_name: medium
