benchmark: yahpo-lcbench-168331
config:
  batch_size: 20
  learning_rate: 0.004011741488701006
  max_dropout: 0.07458971907204474
  max_units: 74
  momentum: 0.8152215854001448
  num_layers: 5
  weight_decay: 0.02772813332974475
objective: val_accuracy
prior_name: medium
