benchmark: yahpo-lcbench-167161
config:
  batch_size: 183
  learning_rate: 0.00011327300860000001
  max_dropout: 0.9793726363024
  max_units: 88
  momentum: 0.1543923665959
  num_layers: 2
  weight_decay: 0.0195788172115
objective: val_balanced_accuracy
prior_name: bad
