benchmark: yahpo-lcbench-167201
config:
  batch_size: 18
  learning_rate: 0.003024395986528487
  max_dropout: 0.1502375990658968
  max_units: 107
  momentum: 0.20501520684679678
  num_layers: 5
  weight_decay: 0.08636428927889676
objective: val_accuracy
prior_name: good
