benchmark: yahpo-lcbench-126029
config:
  batch_size: 178
  learning_rate: 0.09300173376779586
  max_dropout: 0.6751910818397447
  max_units: 70
  momentum: 0.6930286016162447
  num_layers: 3
  weight_decay: 0.03620658764064475
objective: time
prior_name: medium
