benchmark: yahpo-lcbench-126029
config:
  batch_size: 500
  learning_rate: 0.0001166729962
  max_dropout: 0.8831052332344
  max_units: 578
  momentum: 0.1168816779416
  num_layers: 4
  weight_decay: 0.0816592850892
objective: val_accuracy
prior_name: bad
