benchmark: yahpo-lcbench-189862
config:
  batch_size: 296
  learning_rate: 0.00021849078859081125
  max_dropout: 0.30033753810374475
  max_units: 157
  momentum: 0.18004209329754475
  num_layers: 1
  weight_decay: 0.027823680638344752
objective: time
prior_name: medium
