benchmark: yahpo-lcbench-168908
config:
  batch_size: 19
  learning_rate: 0.07904541839747466
  max_dropout: 0.9937083410248447
  max_units: 84
  momentum: 0.18769468594374475
  num_layers: 5
  weight_decay: 0.06683617488144475
objective: val_accuracy
prior_name: medium
