benchmark: yahpo-lcbench-168868
config:
  batch_size: 38
  learning_rate: 0.034313411462834106
  max_dropout: 0.9495120344288968
  max_units: 66
  momentum: 0.8768025391909967
  num_layers: 5
  weight_decay: 0.0013904006567967665
objective: val_accuracy
prior_name: good
