benchmark: yahpo-lcbench-168335
config:
  batch_size: 58
  learning_rate: 0.06907876525001122
  max_dropout: 0.9183248300708448
  max_units: 179
  momentum: 0.8751887959683448
  num_layers: 5
  weight_decay: 0.02798335786264475
objective: val_balanced_accuracy
prior_name: medium
