benchmark: yahpo-lcbench-126026
config:
  batch_size: 489
  learning_rate: 0.00013614474639999998
  max_dropout: 0.9779830336198
  max_units: 403
  momentum: 0.1428147934943
  num_layers: 4
  weight_decay: 0.0954856595311
objective: val_accuracy
prior_name: bad
