benchmark: yahpo-lcbench-167201
config:
  batch_size: 293
  learning_rate: 0.00010616940719999996
  max_dropout: 0.9858988779126
  max_units: 353
  momentum: 0.1906316279492
  num_layers: 5
  weight_decay: 0.097005782563
objective: val_accuracy
prior_name: bad
