benchmark: yahpo-lcbench-7593
config:
  batch_size: 431
  learning_rate: 0.00011408221960000014
  max_dropout: 0.9784464292633
  max_units: 72
  momentum: 0.3126363980851
  num_layers: 4
  weight_decay: 0.0975862297703
objective: val_cross_entropy
prior_name: bad
