benchmark: yahpo-lcbench-168910
config:
  batch_size: 101
  learning_rate: 0.08072453992222685
  max_dropout: 0.25278816228434475
  max_units: 779
  momentum: 0.9525340640010447
  num_layers: 5
  weight_decay: 0.02767379258594475
objective: val_accuracy
prior_name: medium
