benchmark: yahpo-lcbench-168331
config:
  batch_size: 18
  learning_rate: 0.0039033631232570447
  max_dropout: 0.04720280640089676
  max_units: 69
  momentum: 0.7878346727289968
  num_layers: 5
  weight_decay: 0.0003412206585967664
objective: val_balanced_accuracy
prior_name: good
