benchmark: yahpo-lcbench-167152
config:
  batch_size: 118
  learning_rate: 0.008727157448456169
  max_dropout: 0.11433192736174475
  max_units: 829
  momentum: 0.9878490907339448
  num_layers: 2
  weight_decay: 0.02829242517964475
objective: val_accuracy
prior_name: medium
