benchmark: yahpo-lcbench-167181
config:
  batch_size: 23
  learning_rate: 0.013367788457445467
  max_dropout: 0.06958891869094475
  max_units: 89
  momentum: 0.49288905218664475
  num_layers: 5
  weight_decay: 0.11277359870674475
objective: val_accuracy
prior_name: medium
