benchmark: yahpo-lcbench-146212
config:
  batch_size: 504
  learning_rate: 0.004126082939033213
  max_dropout: 0.20955440991029678
  max_units: 811
  momentum: 0.9045846878120967
  num_layers: 5
  weight_decay: 0.0005280065607967664
objective: val_balanced_accuracy
prior_name: good
