benchmark: yahpo-lcbench-167181
config:
  batch_size: 21
  learning_rate: 0.013006653756543364
  max_dropout: 0.04220200601979676
  max_units: 82
  momentum: 0.4655021395154968
  num_layers: 5
  weight_decay: 0.08538668603559676
objective: val_accuracy
prior_name: good
