benchmark: yahpo-lcbench-189908
config:
  batch_size: 393
  learning_rate: 0.09665529461697908
  max_dropout: 0.6399060977770448
  max_units: 936
  momentum: 0.7005407022888447
  num_layers: 5
  weight_decay: 0.02911933072834475
objective: val_balanced_accuracy
prior_name: medium
