benchmark: yahpo-lcbench-7593
config:
  batch_size: 512
  learning_rate: 0.038717816198185845
  max_dropout: 0.21191792224344477
  max_units: 687
  momentum: 0.7747483200901447
  num_layers: 5
  weight_decay: 0.02823810978114475
objective: val_balanced_accuracy
prior_name: medium
